tensor([[[[0., 1., 1., 1., 1.],
          [0., 0., 1., 1., 1.],
          [0., 0., 0., 1., 1.],
          [0., 0., 0., 0., 1.],
          [0., 0., 0., 0., 0.]]],


        [[[0., 1., 1., 1., 1.],
          [0., 0., 1., 1., 1.],
          [0., 0., 0., 1., 1.],
          [0., 0., 0., 0., 1.],
          [0., 0., 0., 0., 0.]]],


        [[[0., 1., 1., 1., 1.],
          [0., 0., 1., 1., 1.],
          [0., 0., 0., 1., 1.],
          [0., 0., 0., 0., 1.],
          [0., 0., 0., 0., 0.]]],


        ...,


        [[[0., 1., 1., 1., 1.],
          [0., 0., 1., 1., 1.],
          [0., 0., 0., 1., 1.],
          [0., 0., 0., 0., 1.],
          [0., 0., 0., 0., 0.]]],


        [[[0., 1., 1., 1., 1.],
          [0., 0., 1., 1., 1.],
          [0., 0., 0., 1., 1.],
          [0., 0., 0., 0., 1.],
          [0., 0., 0., 0., 0.]]],


        [[[0., 1., 1., 1., 1.],
          [0., 0., 1., 1., 1.],
          [0., 0., 0., 1., 1.],
          [0., 0., 0., 0., 1.],
          [0., 0., 0., 0., 0.]]]], device='cuda:0')




tensor([[[[0., 1., 1., 1.],
          [0., 0., 1., 1.],
          [0., 0., 0., 1.],
          [0., 0., 0., 0.]]],


        [[[0., 1., 1., 1.],
          [0., 0., 1., 1.],
          [0., 0., 0., 1.],
          [0., 0., 0., 0.]]],


        [[[0., 1., 1., 1.],
          [0., 0., 1., 1.],
          [0., 0., 0., 1.],
          [0., 0., 0., 0.]]],


        ...,


        [[[0., 1., 1., 1.],
          [0., 0., 1., 1.],
          [0., 0., 0., 1.],
          [0., 0., 0., 0.]]],


        [[[0., 1., 1., 1.],
          [0., 0., 1., 1.],
          [0., 0., 0., 1.],
          [0., 0., 0., 0.]]],


        [[[0., 1., 1., 1.],
          [0., 0., 1., 1.],
          [0., 0., 0., 1.],
          [0., 0., 0., 0.]]]], device='cuda:1')